0.097222
0.097222
0.083333
0.097222
0.069444
0.083333
0.055556
0.083333
0.194444
0.194444
0.194444
0.194444
0.138889
0.194444
0.194444
0.194444
0.319444
0.277778
0.305556
0.250000
0.277778
0.305556
0.319444
0.305556
0.430556
0.430556
0.430556
0.430556
0.430556
0.430556
0.430556
0.541667
0.541667
0.541667
0.541667
0.541667
0.500000
0.527778
0.527778
0.638889
0.638889
0.638889
0.597222
0.652778
0.652778
0.638889
0.625000
0.763889
0.763889
0.763889
0.763889
0.763889
0.763889
0.763889
0.763889
0.763889
0.875000
0.875000
0.875000
0.875000
0.875000
0.875000
0.875000
0.875000
0.972222
0.972222
0.986111
0.972222
0.972222
0.972222
0.972222
0.972222